_C_23a1_5daa6c28_7 8c 0 190 0 0 2a2a2a20 0 23202020 0 23232323 0 20202020 0 23232323 0 20202023 0 20232020 0 20202020 0 20202023 0 20202020 0 23202020 0 2a2a2020 0 202a 
_C_23a1_5daa6c28_2 8c 0 190 0 0 2a2a2a20 0 23202020 0 23232323 0 20202020 0 23232323 0 20202023 0 20202020 0 20232323 0 20202020 0 23232320 0 20232323 0 2a2a2020 0 202a 
_C_23a1_5daa6c28_5 8c 0 190 0 0 2a2a2a20 0 23202020 0 23232323 0 20202020 0 23232323 0 20202023 0 23232020 0 23232323 0 20202023 0 23232323 0 23232323 0 2a2a2020 0 202a 
_C_3537_5dc6212e_1 8c 0 58 0 0 64756d70 0 72616d2e 0 74625f 
_C_313e_5dc81124_1 8c 0 200 0 0 2e747874 0 756c6172 0 69616e67 0 532f7472 0 6c2f4444 0 622f7274 0 705f6c69 0 6f672f69 0 6572696c 0 6e645f56 0 6e745f45 0 5f46726f 0 6974616c 0 2f446967 0 652f4943 0 2f686f6d 
_C_58bd_5dc7fd57_1 8c 0 38 0 0 2e747874 0 73696e 
_C_43c8_5da2a147_1 8c 0 230 0 0 203d2564 0 6c745f71 0 2c206d75 0 203d2564 0 6c745f69 0 2c206d75 0 203d2564 0 6e625f71 0 2c206469 0 203d2564 0 6e625f69 0 2c206469 0 203d2564 0 6e615f71 0 2c206469 0 203d2564 0 6e615f69 0 6469 
_C_5da1_5da2ea7d_1 8c 0 230 0 0 203d2562 0 6c745f71 0 2c206d75 0 203d2562 0 6c745f69 0 2c206d75 0 203d2562 0 6e625f71 0 2c206469 0 203d2562 0 6e625f69 0 2c206469 0 203d2562 0 6e615f71 0 2c206469 0 203d2562 0 6e615f69 0 6469 
_C_4480_5da47b62_2 8c 0 d0 0 0 202a2a2a 0 20253064 0 6d65203d 0 74207469 0 4f522061 0 2a455252 0 2a2a 
_C_3e92_5da2a066_2 8c 0 260 0 0 3d202564 0 745f7120 0 206d756c 0 2025642c 0 5f69203d 0 6d756c74 0 25642c20 0 71203d20 0 696e625f 0 642c2064 0 203d2025 0 6e625f69 0 2c206469 0 3d202564 0 615f7120 0 2064696e 0 2025642c 0 5f69203d 0 64696e61 
_C_27bd_5daa6d9a_2 8c 0 188 0 0 2a2a2a20 0 20202020 0 20202020 0 20202023 0 20202020 0 20202320 0 23232020 0 23202020 0 20202023 0 20202023 0 23202020 0 2a2a2020 0 2a 
_C_27bd_5daa6d9a_3 8c 0 188 0 0 2a2a2a20 0 20202020 0 20202020 0 20202023 0 20202020 0 20202320 0 20232020 0 20202020 0 20202023 0 20202023 0 23202020 0 2a2a2020 0 2a 
_C_23a1_5daa6c28_6 8c 0 190 0 0 2a2a2a20 0 20232020 0 20202020 0 23202020 0 20202020 0 20202020 0 20232020 0 20202020 0 20202023 0 20202020 0 23202020 0 2a2a2020 0 202a 
_C_5c8e_5dc7fe1d_2 8c 0 48 0 0 2e747874 0 2f73696e 0 2e 
_C_2d1b_5dc81026_1 8c 0 1e0 0 0 2e747874 0 75617265 0 532f7371 0 6c2f4444 0 622f7274 0 705f6c69 0 6f672f69 0 6572696c 0 6e645f56 0 6e745f45 0 5f46726f 0 6974616c 0 2f446967 0 652f4943 0 2f686f6d 
_C_27bd_5daa6d9a_6 8c 0 188 0 0 2a2a2a20 0 23202020 0 23232323 0 20202020 0 23232323 0 20202023 0 20232020 0 20202020 0 20202023 0 20202020 0 23202020 0 2a2a2020 0 2a 
_C_27bd_5daa6d9a_1 8c 0 188 0 0 2a2a2a20 0 23202020 0 23232323 0 20202020 0 23232323 0 20202023 0 20202020 0 20232323 0 20202020 0 23232320 0 20232323 0 2a2a2020 0 2a 
_C_27bd_5daa6d9a_4 8c 0 188 0 0 2a2a2a20 0 23202020 0 23232323 0 20202020 0 23232323 0 20202023 0 23232020 0 23232323 0 20202023 0 23232323 0 23232323 0 2a2a2020 0 2a 
_C_74ef_5dc80509_1 8c 0 1c8 0 0 2e747874 0 2f73696e 0 2f444453 0 2f72746c 0 5f6c6962 0 672f6970 0 72696c6f 0 645f5665 0 745f456e 0 46726f6e 0 74616c5f 0 44696769 0 2f49432f 0 686f6d65 0 2f 
_C_23a1_5daa6c28_1 8c 0 188 0 0 2a2a2a20 0 202a2a2a 0 65642120 0 706c6574 0 20636f6d 0 756c6c79 0 65737366 0 53756363 0 6e636820 0 73746265 0 2a205465 0 2a2a2a2a 0 2a 
_C_5c8e_5dc7fe1d_1 8c 0 78 0 0 64756d70 0 746f702e 0 6464735f 0 74625f 
_C_23a1_5daa6c28_4 8c 0 190 0 0 2a2a2a20 0 20202020 0 20202020 0 20202023 0 20202020 0 20202320 0 20232020 0 20202020 0 20202023 0 20202023 0 23202020 0 2a2a2020 0 202a 
_C_23a1_5daa6c28_3 8c 0 190 0 0 2a2a2a20 0 20202020 0 20202020 0 20202023 0 20202020 0 20202320 0 23232020 0 23202020 0 20202023 0 20202023 0 23202020 0 2a2a2020 0 202a 
_C_4480_5da47b62_1 8c 0 148 0 0 202a2a2a 0 74656421 0 6d706c65 0 7920636f 0 66756c6c 0 63657373 0 20537563 0 656e6368 0 65737462 0 2a2a2054 0 2a 
_C_3e92_5da2a066_1 8c 0 30 0 0 2e766364 0 7462 
_C_27bd_5daa6d9a_5 8c 0 188 0 0 2a2a2a20 0 20232020 0 20202020 0 23202020 0 20202020 0 20202020 0 20232020 0 20202020 0 20202023 0 20202020 0 23202020 0 2a2a2020 0 2a 
_C_6399_5da2ec4e_2 84 0 20 0 0 0 
_C_6399_5da2ec4e_3 84 0 20 0 0 1 
_C_6399_5da2ec4e_1 8c 0 a0 0 0 64756d70 0 756c742e 0 65785f6d 0 6f6d706c 0 74625f63 
